r	vel	e_vel
9.751	219.7	4.12
11.075	217.75	4.7
10.622	225.42	4.37
10.545	234.55	3.84
9.283	221.28	3.22
8.699	218.27	3.68
10.234	216.9	5.28
9.669	218.45	1.98
10.879	203.11	2.71
9.906	215.4	2.22
10.781	226.41	2.15
9.882	229.92	3.38
8.545	225.55	2.24
9.03	224.05	3.8
10.538	227.34	2.75
10.714	216.21	3.36
10.912	232.31	2.86
9.846	216.23	1.4
11.485	222.99	2.31
10.073	212.4	3.43
9.368	226.44	3.1
10.953	222.76	3.03
11.368	225.73	3.25
9.334	225.45	3.46
10.004	205.15	1.93
10.217	229.76	3.63
10.605	223.97	2.3
10.508	204.7	2.23
10.547	202.24	2.59
10.499	231.5	1.83
8.524	228.92	0.68
10.265	214.62	3.84
11.926	215.62	3.02
9.849	235.44	3.52
11.896	219.11	1.54
9.717	228.91	0.84
17.842	225.67	5.75
10.483	223.47	2.13
17.786	222.59	3.76
10.04	228.9	3.41
12.136	219.35	2.23
11.921	228.28	5.03
12.177	232.39	2.45
12.556	235.63	3.22
8.65	230.81	0.41
9.879	214.06	1.34
9.829	213.17	1.58
9.664	214.08	3.89
10.774	224.43	1.82
9.899	209.4	3.08
10.823	207.69	3.36
10.133	229.18	4.17
12.864	236.76	2.31
12.277	233.42	2.18
10.887	266.02	3.36
13.187	254.44	3.28
12.242	209.82	1.96
10.179	200.92	1.11
10.113	217.2	2.64
13.088	229.66	2.93
10.178	231.09	2.3
10.436	207.28	2.46
11.367	234.84	1.86
10.734	216.81	2.15
12.966	228.68	3.07
10.698	234.74	2.89
11.346	231.46	1.64
13.835	230.36	2.21
12.108	220.56	2.01
10.839	217.28	1.96
11.091	228.36	2.6
12.259	221.06	2.25
9.391	226.11	2.01
9.585	257.89	3.7
12.515	237.21	1.24
10.791	215.83	1.4
10.885	231.46	2.06
11.743	228.36	1.41
12.55	220.86	1.02
11.856	237.89	1.42
10.43	236.77	1.39
11.731	230.16	2.06
13.566	221.48	2.23
11.955	229.45	1.84
14.252	232.86	1.82
11.108	229.73	1.75
14.322	222.03	2.02
9.408	228.67	4.29
18.293	215.98	3.24
11.298	228.69	1.73
13.051	249.26	3.69
12.815	239.13	1.02
13.237	215.84	1.76
12.48	224.19	2.17
13.309	224.85	1.49
8.626	242.24	0.32
15.537	233.13	3.33
13.528	225.51	2.01
11.283	224.33	1.78
14.789	229.97	1.54
13.867	229.67	1.96
12.321	218.54	1.39
15.129	225.2	1.57
12.623	235.29	1.72
9.634	216.89	1.1
8.664	228.34	1.4
10.544	233.68	1.29
15.993	235.43	2.49
14.69	227.88	1.72
13.308	236.97	1.72
14.137	228.72	2.44
11.095	235.96	2.73
18.383	206.57	3.82
12.255	223.7	1.64
12.63	238.48	1.76
16.041	212.05	1.89
11.775	225.09	1.57
15.299	181.25	3.15
12.331	220.51	1.78
12.851	236.69	1.61
9.118	236.87	0.6
9.174	231.82	0.72
11.192	228.94	1.07
12.318	225.16	1.86
14.712	223.19	2.3
12.318	217.68	1.42
12.363	212.14	2.3
16.296	221.86	3.58
12.285	240.26	1.45
8.908	231.13	0.59
11.474	218.32	1.83
12.608	245.56	2.44
12.388	227.79	1.9
13.057	235.75	2.14
12.025	227.71	2.01
14.102	225.63	3.48
11.159	221.15	1.39
10.791	199.52	1.37
11.857	227.15	2.04
13.63	216.37	2.18
13.453	211.97	2.48
10.353	213.81	3.23
13.363	237.07	2.46
10.815	213.04	1.99
13.012	239.49	2.07
14.512	226.37	2.01
12.285	228.76	1.43
10.314	216.81	1.12
8.511	220.25	1.37
13.009	230.29	5.16
11.704	221.71	1.26
12.223	239.46	3.31
12.985	229.94	2.05
11.769	224.52	2.1
14.302	234.14	2.68
13.549	233.61	3.22
11.313	219.52	1.68
9.034	238.34	1.98
12.113	220.09	1.84
13.728	230.17	2.97
12.546	214.06	2.22
9.922	236.85	3.34
12.116	228.77	2.26
11.02	222.58	1.71
13.164	236.26	2.41
10.985	221.96	2.2
11.855	228.98	5
13.429	220.42	2.01
11.197	227.79	2.02
10.033	208.97	1.85
11.03	232.5	2.5
13.265	246.72	3.16
11.511	220.99	1.39
13.117	224.67	3.52
14.082	228.06	3.27
10.47	246.77	6.57
13.518	229.7	2.24
14.775	228.72	3.06
14.629	218.64	2.28
13.803	215.41	3.1
12.22	219	3.41
12.651	225.95	1.87
10.273	217.65	3.02
11.292	217.56	2.17
15.383	216.94	2.38
10.407	226.16	2.38
13.003	220.12	5.2
12.96	213.98	2.16
10.636	230.61	2.92
12.077	227	0.85
11.149	232.16	2.69
13.888	206.25	2.08
10.444	227.65	1.79
12.47	221.33	2.32
14.193	215.34	2.72
13.305	234.21	3.74
10.516	203.93	1.81
9.601	241.65	1.9
11.632	206.58	1.95
8.443	244.4	3.45
12.879	216.91	4.56
11.053	230.78	4.29
10.029	220.27	1
12.71	228.58	2.45
10.039	215.76	1.75
9.914	222.23	4.47
15.05	220.35	2.69
12.872	227.06	3.75
15.181	212.57	3.48
10.025	205.8	3.1
13.203	220.09	2.61
13.543	227.17	2.97
9.01	226.69	1.73
10.318	227.62	3.92
15.212	223.34	4.12
13.748	202.89	4.09
15.015	214.69	4.63
9.99	240.08	6.46
15.488	230.31	4.42
10.411	203.5	1.24
10.681	213.42	3.47
13.803	232.22	3.48
10.866	208.96	1.94
9.007	235.2	3.16
13.479	210.81	3.63
15.112	206.65	3.42
11.877	226.22	1.97
13.448	225.09	3.91
13.357	230.89	6.36
10.757	220.66	5.64
10.493	226.84	5.29
9.707	221.24	1.16
8.851	237.74	2.38
10.029	190.13	4.91
13.736	217.78	4.78
12.091	225.19	2.66
13.455	233.96	5.04
12.664	186.44	4.66
15.543	203.42	4.34
10.928	232.51	4.12
10.404	220.05	2.79
8.232	236.49	1.07
11.024	225.28	5.02
10.845	233.04	2.25
14.688	220.86	3.99
11.278	237.45	3.4
10.043	234.59	1.76
10.591	229.74	4.38
8.717	229.1	1.13
12.602	220.39	2.15
13.154	214.35	2.87
15.249	213.76	5.68
13.699	220.7	5.3
14.606	214.09	4.26
13.329	209.04	2.54
9.424	218.52	3.93
9.722	229.25	3.8
13.536	217.15	4.62
10.291	213.01	4.93
10.393	220.16	1.77
13.28	220.29	3.96
10.404	222.85	3.12
9.431	235.58	1.62
10.924	223.37	3.93
13.265	201.63	4.92
8.388	241.29	3.79
10.234	215.96	6.59
10.871	228.03	3.09
10.429	228.91	3.64
12.718	247.09	6.9
10.701	212.28	6.48
13.469	221.15	3.7
10.449	223.88	3.65
11.149	235.76	4.02
10.186	212.83	3.79
13.651	216.5	3.99
9.818	215.64	2.52
10.886	230.17	3.31
11.489	228.86	3.38
9.373	223.91	3.62
10.11	227.34	4.35
8.344	242.29	2.99
9.317	221.54	2.76
8.211	222.03	1.95
8.639	237.17	3.22
8.752	235.68	4.22
11.66	212.73	4.67
15.839	234.49	6.43
10.536	202.77	4.78
10.397	222.8	4.69
10.211	218.12	3.91
9.422	221.08	3.21
8.067	219.89	2.99
9.762	216.53	5.56
8.813	226.06	5.2
9.707	234.53	2.49
10.073	240.45	4.75
10.704	239.43	4.31
9.833	220.34	2.16
10.064	217.06	3.63
8.484	223.38	1.8
9.527	225.67	2.67
13.321	240.72	38.14
8.243	250.08	3.83
8.783	193.25	1.28
11.793	232.6	5.27
8.671	240.87	3.72
9.198	224.27	6.45
8.957	217.84	8.14
8.648	233.79	1.88
9.416	212.29	2.44
8.505	231.53	4.43
8.311	252.79	7.17
10.436	192.35	6.25
10.014	219.36	4.47
10.031	224.45	4.37
9.547	223.51	5.82
9.187	217.45	2.17
10.61	238.16	7.45
12.944	194.95	7.83
8.755	230.93	6.03
8.452	219.67	15.76
8.112	238.58	2.49
9.173	244.96	3.54
8.795	229.41	6.03
9.658	215.4	4.42
8.787	216.53	5.4
8.335	224.22	4.09
9.688	183.24	3.89
8.507	225.57	6.04
19.53	256.11	14.56
9.01	227.17	4.01
8.903	235.79	6.23
9.161	218.5	2.73
10.692	235.56	3.53
10.331	213.47	4.77
8.037	256.71	2.74
9.495	191.83	2.51
11.168	183.43	4.43
8.531	216.54	3.32
8.479	261.92	3.89
8.685	220.94	4.77
8.611	231.6	3.83
8.464	214.1	7.01
8.231	217.06	7.79
8.418	240.25	3.04
8.877	257.36	4.47
8.584	231.14	12.53
9.441	224.54	3.3
8.571	231.32	1.52
8.173	231.6	7.19
8.389	256.75	1.83
8.77	235.48	3.51
8.822	233.01	4.79
8.17	229.83	11.39
10.8	215.37	6.55
10.07	215.07	8.15
8.594	239.21	3.79
7.946	208.03	5.81
8.867	209.34	10.71
8.711	208.25	1.89
7.832	220.69	1.31
8.189	232.36	3.77
7.921	218.79	3.73
7.887	232.84	1.26
8.184	226.04	10.27
7.911	256.63	16.09
9.343	221.28	5.89
8.471	234.28	6.38
8.612	217.1	8.88
8.293	219.47	4.69
7.925	245.97	5.67
8.189	246.59	3.26
8.093	242.21	4.31
8.119	228.39	12.31
8.225	217.05	2.3
7.887	239.11	10.85
7.828	238.61	5.52
7.933	243.02	2.66
7.803	237.66	6.45
8.002	234.71	13.05
8.31	243.96	2.98
7.937	232.75	2.61
7.794	235.35	14.13
7.97	235.26	3.67
8.066	243.73	1.73
7.844	240.19	4.87
8.031	218.9	1.18
11.477	232.55	13.18
8.127	222.14	5.29
8.264	230.46	4.49
8.039	214.74	7.57
7.806	205.09	3.15
8.198	214.51	10.29
7.848	219.29	9.22
7.938	221.4	7.85
7.832	225.18	3.45
7.899	230.46	6.07
7.781	240.64	4.36
7.923	226.89	3.78
7.71	243.72	4.39
9.049	220.05	15.4
7.781	223.9	1.57
8.613	207.71	8.88
7.701	219.8	6.3
8.794	227.36	7.32
7.773	229.22	1.53
7.99	236.58	4.99
7.768	209.87	7.11
7.777	221.83	4.56
7.764	234.28	7.82
7.692	245.21	7.56
7.85	231.5	2.37
8.195	231.63	7.09
8.583	218.14	8.28
9.345	235.16	7.36
8.066	238.76	6.46
7.692	237.51	10.38
7.807	249.01	4.84
8.31	213.34	2.47
7.805	235.91	6.23
7.848	204.76	3.95
7.798	232.93	6.49
8.527	212.5	7.77
8.217	222.32	3.59
8.157	213.47	3
7.56	236.82	17.25
7.725	215.05	4.5
7.639	223.85	2.12
7.883	214.65	6.66
8.303	227.05	8.51
8.74	225.7	2.43
8.42	218.15	6.79
7.699	239.11	7.67
8.907	220.65	7.05
7.544	234.04	9.57
7.715	218.95	3.29
7.782	251.2	3.86
7.564	236.46	3.01
7.725	243.03	4.07
7.662	248.54	1.99
7.642	249.47	2.01
7.553	235.44	9.67
8.233	209.38	12.51
9.399	217.29	5.79
7.535	221.79	8.49
7.608	239.51	9.79
7.562	233.17	1.66
7.564	258.89	5.54
7.409	269.58	2.35
7.557	249.25	1.46
9.956	201.58	6.63
7.375	238.37	5.13
7.355	241.99	7.92
7.675	238.67	4.01
7.599	233.59	8.9
7.615	221.49	4.25
7.776	230.29	6.58
7.425	226.11	5.4
7.234	241.31	7.39
7.228	240.62	4.03
7.287	231.49	4.07
7.237	227.63	4.94
7.192	235.52	5.53
7.164	236.12	0.43
7.303	213.57	4.74
7.738	231.99	2.69
7.069	246.15	13.87
7.026	248.03	3.57
7.695	247.92	2.89
7.274	237.61	2.55
6.995	257.28	4.02
7.85	251.17	1.03
7.489	225.57	4.26
7.119	238.34	12.99
6.951	236.3	7.89
6.999	209.88	5.64
10.043	234.49	7.85
6.918	244.02	4.38
7.501	234.43	3.29
7.663	234.67	2.77
6.876	217.55	9.4
7.392	253.89	2.78
7.729	227.11	2.62
6.816	239.84	6.75
6.85	229.14	6.17
6.724	208.49	6.59
7.222	244.3	5.42
6.659	214.12	3.62
7.175	228.16	4.37
6.625	246.02	2.81
6.625	229.98	4.85
6.914	248.71	3.51
7.187	240.68	2.06
6.591	202.06	10.35
6.485	231.39	2.63
6.466	200.66	6.38
7.637	237.7	1.23
6.668	234.99	3.37
6.638	232.73	11.03
6.619	262.95	2.35
6.744	246.24	3.84
13.978	198.25	12.95
7.375	244.49	2.33
6.39	217.43	4.28
6.342	217.6	3.53
6.317	220.27	5.25
6.113	222.55	6.57
6.302	251.58	3.88
6.942	223.24	3.81
5.862	231.2	8.24
7.595	236.19	2.73
6.303	243.53	4.54
7.273	254.99	7.12
7.546	229.68	1.81
6.423	248.26	4.12
7.521	244.04	1.21
7.555	228.29	1.25
5.85	245.37	5.9
5.195	229.85	9.19
6.24	229.38	3.76
6.718	251.26	4.32
7.657	242.06	1.87
6.482	241.1	2.94
5.288	220.43	12.08
7.358	235.86	1.11
5.853	213.65	4.13
6.756	238.22	2.55
5.475	256.55	4.68
6.958	247.93	1.6
5.157	216.03	3.66
6.462	242.15	2.08
6.751	251.72	0.66
7.44	230.17	2.2
6.292	254.17	1.59
5.309	231.47	2.99
5.288	224.98	3.26
6.224	249.43	2.95
6.481	238.84	2.89
4.602	188.17	6.68
7.291	241.92	2.25
5.714	228.26	2.07
5.193	222.58	7.75
6.548	240.91	1.46
6.589	246.05	1.49
6.752	238.42	2.27
5.973	231.55	2.01
6.633	246.11	1.79
5.143	179.09	5.15
4.251	205.24	7.17
5.172	217.17	2.12
4.75	189.29	2.88
6.101	240.29	8.42
5.14	198.91	2.94
7.332	235.63	1.21
7.299	248.23	0.42
4.804	221.07	3
6.557	231.38	0.9
4.895	188.21	4.59
7.186	234.72	0.57
5.048	213.35	3.47
4.896	227.33	5.11
7.181	236.35	0.63
6.876	236.02	0.6
6.744	251.04	0.63
6.7	244.45	0.67
6.689	241.39	1.77
6.613	248.06	0.67
5.715	235.49	1.18
6.585	242.97	3.03
5.747	230.53	2.55
5.785	244.04	4.77
7.291	234.13	1.46
6.601	236.26	2.02
4.812	196.39	4.28
5.8	228.88	3.03
6.359	250.72	2.74
6.025	280.78	2.78
7.58	224.53	1.55
6.603	253.27	2.44
6.784	245.08	1.93
5.979	229.76	2.91
6.522	233.92	5.28
5.215	239.27	3.36
7.459	232.6	1.2
6.363	241.13	1.69
5.21	251.08	3.17
7.268	249.2	5.88
6.392	238.31	2.4
7.66	243.05	2.36
6.578	227.87	2.29
7.048	237.56	4.01
5.404	212.5	2.76
4.736	206.05	6.51
6.268	246.13	1.72
4.416	241.8	9.11
5.919	235.43	7.1
5.019	241.45	3.49
7.183	247.82	1.33
5.332	244.73	5.61
5.145	209.56	2.92
5.54	242.54	2.71
5.069	233.65	4.39
5.883	263.41	1.52
6.931	240.6	2.48
6.378	239.28	1.91
6.149	235.02	7.35
5.715	233.91	7.72
5.568	233.44	4.35
5.268	249.64	5.15
13.731	171.59	16.56
6.169	256.54	8
6.352	240.4	4.88
6.211	256.27	3.14
6.373	248.1	2.36
6.236	245.06	8.37
6.851	257.46	7.62
7.454	222.91	4.98
6.421	212.71	1.2
7.252	222.21	1.58
7.039	227.15	2.27
6.494	229.1	2.29
5.483	192.23	8.69
6.057	236.51	6.91
7.426	236.54	1.67
7.273	234.95	3.55
7.176	224.79	5.88
6.454	215.44	3.28
6.293	216.04	4.78
7.124	241.76	1.4
5.898	213.6	6.65
6.585	234.87	3.07
6.605	223.76	2.37
6.623	222.53	2.86
6.597	215.39	5
6.555	233.49	7.26
6.681	218.21	6.64
6.666	208.78	3.74
6.908	230.29	6.13
6.717	218.49	3.6
6.85	235.83	2.23
6.71	222.65	3.04
7.055	244.44	4.67
6.825	242.71	5.52
6.928	208.83	12.15
6.978	226.59	6.03
8.027	259.87	5.99
7.261	218.28	4.88
7.572	233.91	9.22
7.082	224.82	2.05
7.205	201.61	7.82
6.987	215.19	3.56
7.893	245.73	5.11
7.238	234.68	2.7
8.797	216.26	7.93
8.765	225.86	7.14
7.334	226.17	1.57
12.375	230.81	12.24
7.388	231.1	4.31
8.22	214.39	7.62
7.348	226.61	11.78
7.402	236.35	7.4
7.526	245.82	4.17
8.376	249.03	7.38
8.616	266.6	9.29
7.685	221.61	2.92
7.361	232.97	5.93
7.688	229.23	7.64
7.341	233.33	4.88
7.621	250.61	8.76
7.486	232.51	10.23
7.638	228.36	3.13
7.425	214.66	7.28
7.702	219.55	6.99
6.696	217.44	5.55
7.717	242.79	6.14
9.293	246.91	5.56
8.692	209.05	5.3
5.41	211.76	3.68
8.724	246.9	5.01
9.06	220.69	6.67
7.699	218.78	7.66
8.01	222.64	15.03
8.283	254.76	8.4
7.783	226.27	5.75
7.867	232.88	4.07
7.673	215.53	3.87
8.181	234.55	7.44
8.374	224.84	5.42
7.808	228.84	4.65
7.743	227.67	5.75
7.841	249.64	5.71
10.287	218.78	8.45
7.903	227.24	6.41
10.997	220.18	9.17
7.874	244.47	1.83
7.885	240.64	3.52
7.96	259.75	10.14
8.19	266.75	6.12
8.133	227.26	4.17
8.117	223.64	3.74
9.889	207.88	7.9
8.301	229.15	4.85
8.746	222.04	9.92
7.934	230.49	2.3
11.744	208.98	4.06
8.82	222.67	4.76
8.66	234.4	3
9.519	200.21	4.49
8.729	217.53	3.18
8.085	239.24	5.78
11.107	212.79	7.81
9.771	210.92	8.06
7.984	240.49	0.94
9.379	208.8	4.8
11.675	208.02	10.28
8.629	225.54	4.46
8.642	235.24	2.58
9.86	195.51	4.38
9.23	208.48	3.96
8.785	214.51	3.02
11.612	237.99	5.13
8.439	244.55	0.6
9.706	233.63	8.14
8.931	219.43	3
9.223	213.53	5.81
11.276	215.71	3.89
9.574	205.79	2.14
10.82	225.93	3.96
8.662	251.49	4.04
10.629	222.54	4
9.359	245.07	1.2
9.573	216.4	7.78
10.374	221.36	2.62
9.43	214.1	4.5
9.889	219.43	4.11
9.622	222.01	3.59
8.294	246.01	3.67
9.474	253.66	9.3
8.355	228.36	3.98
11.352	207.62	4.36
10.406	215.33	6.04
8.669	240.21	7.59
10.007	212.09	5.04
11.409	221.74	2.7
9.896	209.7	11.03
10.191	223.54	4.34
9.68	212.38	2.19
10.034	219.5	3.7
8.396	225.32	1.46
8.164	228.02	3.57
9.336	219.17	4.85
9.311	224.27	4.15
8.735	221.3	2.75
8.788	236.99	2.59
9.878	210.58	3.78
9.85	226.78	4.97
8.966	240.27	4.71
9.565	234.71	4.6
9.878	227.86	5.69
11.177	223.27	3.99
9.803	212.06	3.61
10.356	207.03	3.77
9.956	189.75	3.05
8.773	226.88	7.5
9.35	231.02	4.34
9.92	203.36	4.67
9.352	218.13	6.8
10.432	211.85	2.88
10.568	237.48	3.28
9.867	201.69	2.26
9.476	207.39	13.66
9.82	210.96	4.37
